version https://git-lfs.github.com/spec/v1
oid sha256:c5be2fee95d36bc810fa117ba4a1cc5ee28c894daa7d0ae41971ddd5d52d6658
size 3284
