version https://git-lfs.github.com/spec/v1
oid sha256:0e7a3a8d0fccc81c85ee17df81cb864505d70db4b3bb8d5be79e3861e31ca2a4
size 2880
