version https://git-lfs.github.com/spec/v1
oid sha256:4efb46fba599c4b10f2197c72a1a634eb7e1740832285fe0191531b0d90aeffa
size 3278
