version https://git-lfs.github.com/spec/v1
oid sha256:a869f521a73e25d198acc26b35cf0cd6c84dd41ae5800fb11cc5c48c871363d7
size 3037
