version https://git-lfs.github.com/spec/v1
oid sha256:104cfe692033c0fc5505380c10fa516c42c0cb79517d9088bfabb3ca855324b2
size 2769
