version https://git-lfs.github.com/spec/v1
oid sha256:25c0f527169f0153f9218d621ad08f6f6ee1a778c92052735de7e749db363722
size 2388
