version https://git-lfs.github.com/spec/v1
oid sha256:00fbf30c0050a2d46b668fd69e464748e11240f9f2b401df182c4a1f2774edbd
size 3275
